5343
6650
7608
19360
19889
22105
23415
23451
25745
28113
30190
30481
30754
31855
33323
34487
39039
39731
40276
41567
41897
43092
43808
44716
46324
47018
47599
52396
55169
58273
60727
60805
62200
63555
63760
64978
69119
75390
75977
79315
83427
84568
85375
86542
86614
88071
91890
94251
94277
94889
95011
95976
96423
96978
97546
98354
99243
103611
105697
112398
112556
114364
114900
118177
118181
118762
119206
126078
134153
134454
136776
138025
141595
143019
144549
145270
146205
146512
148935
152368
155675
156766
159858
162785
163756
166370
167256
168663
170148
170943
171158
171724
173357
176119
177771
183745
187882
188093
193816
193997
199890
201730
202615
203172
211330
216171
217888
219346
223784
227395
232235
234345
235890
238740
239535
240618
246761
253057
253245
255398
255420
257280
257881
258159
258794
259037
259999
263527
264740
272826
274265
277064
278692
280225
283685
287103
291892
294244
295475
298870
300176
300581
301964
305789
307196
311601
312326
312663
314303
315344
316339
319075
319366
322823
325764
328556
329670
336356
336789
339133
339325
342012
343492
346669
348273
349000
349965
350668
352270
353158
355654
356769
358312
364354
368387
372523
373248
378686
380654
380875
382884
383744
386215
388314
392879
394001
395398
395480
396512
402480
405081
408507
411241
411852
414516
417358
417426
422605
425801
430352
431904
434851
435543
436616
437120
438042
439696
442238
446139
447440
452829
454505
455757
456122
457980
461249
462392
462770
462781
464532
464713
465013
468059
468585
474045
475055
475776
477209
479267
480081
480109
482864
484050
485553
485635
487028
487778
489235
493991
494371
494935
496833
498678
501416
502816
503674
504188
507869
507922
508977
516020
516518
519444
522824
523939
526406
528362
531539
533119
535626
539449
541757
546654
547554
548342
550819
550857
551706
552431
558819
564934
565136
570318
572195
574004
575657
575700
579958
580934
586697
588927
589874
591778
595363
596086
600694
600822
601657
607322
607738
607923
609799
610009
610166
615745
619701
626656
629493
630993
632525
633567
635831
636584
637625
639411
639496
639758
641382
643625
644006
645124
645256
646811
648785
649719
652812
653253
657163
657437
660522
660698
661418
661474
665799
667835
668234
668850
670748
675710
676230
687263
689820
690503
690504
690790
691137
691229
693773
696738
697581
698076
699323
699630
701168
703132
703354
703677
705381
706803
708720
708980
711280
711510
711612
715217
718136
718680
719262
719911
722952
725260
728188
730148
730252
730656
732585
733446
734926
735290
736086
738500
739096
741545
744384
745134
746673
747420
751775
752237
755530
755646
756418
756917
757481
757944
757969
761117
762026
762258
769231
769277
770101
771518
773110
773837
774286
778235
778477
778640
779081
779845
780925
781289
782022
782762
786935
792182
793395
795932
797261
799147
801143
802766
804275
807242
809884
812750
815624
820147
820751
822103
822319
823801
827224
830202
830673
831949
832423
834126
835536
835974
841567
844579
846837
847221
847654
849668
850175
852323
860051
861324
862596
864867
865069
867001
868662
869378
871804
872290
873107
874759
875107
877213
878350
881918
882474
886815
887416
891584
894038
896885
897099
912922
915417
916418
918041
920362
921234
921366
921912
924804
925515
926799
926988
928039
929919
932297
936193
937368
937452
939935
941611
945220
947308
948772
950501
953440
953966
954835
957163
959202
962366
963285
969048
973653
974991
975354
976396
977176
978888
979248
981696
984336
984616
989638
990660
993471
995141
995245
995290
995640
997553
998020
1002008
1002639
1003192
1003953
1004713
1006963
1011855
1020575
1025767
1028306
1029410
1029602
1038637
1042880
1047376
1048308
1048471
1050625
1054305
1058252
1058350
1059333
1060464
1063634
1063654
1068679
1069211
1070847
1074977
1077571
1077629
1079774
1080509
1082482
1086555
1089554
1090628
1090943
1091160
1093566
1094757
1097525
1098056
1098138
1099727
1102855
1103656
1106951
1107624
1108577
1108701
1109509
1113883
1117001
1122986
1126228
1126783
1127522
1127816
1128013
1128668
1134014
1137738
1137953
1139015
1144045
1144986
1144992
1146449
1147045
1148722
1149880
1150227
1150582
1157174
1158108
1161176
1163582
1164702
1166590
1172474
1182477
1182765
1183485
1187270
1190442
1192485
1194183
1196402
1197554
1199473
1201499
1201686
1202723
1206033
1206201
1210532
1211285
1211722
1215835
1216523
1216960
1217567
1219412
1222120
1224443
1225001
1225736
1231696
1233029
1236232
1242723
1243684
1244098
1245446
1246687
1247575
1251741
1252340
1255425
1262155
1264852
1266071
1267171
1268293
1269571
1272656
1275293
1276729
1276968
1277524
1279831
1280767
1281547
1285641
1290508
1295485
1297082
1299217
1301327
1304533
1304830
1304975
1305230
1306470
1308476
1309105
1310748
1311129
1313179
1313929
1317091
1318303
1318607
1319746
1325917
1327874
1329728
1338138
1338369
1340241
1340794
1341807
1343332
1344545
1345766
1355467
1358142
1358233
1358467
1360849
1360943
1364115
1364583
1366120
1367348
1368507
1368707
1372694
1376632
1377262
1377464
1380326
1386668
1387186
1394702
1394948
1398717
1400361
1405019
1408482
1414408
1415290
1415297
1416937
1417539
1417605
1418267
1418549
1421569
1425832
1427945
1428715
1429892
1431420
1432991
1434181
1441362
1444033
1445105
1445338
1446578
1447068
1451605
1452156
1452802
1453743
1454554
1455749
1457670
1463616
1466423
1473113
1478407
1483022
1484795
1486738
1487008
1488006
1488324
1488970
1495909
1496664
1497409
1497713
1498646
1501083
1502360
1503687
1505491
1507748
1512561
1522328
1524940
1525221
1525546
1525842
1527738
1529749
1529751
1532015
1533637
1535761
1535918
1538421
1539071
1539772
1540280
1540338
1542735
1546386
1547032
1548127
1548236
1549511
1549651
1549664
1550355
1551564
1552827
1554492
1555579
1556026
1556059
1558063
1560190
1562129
1562432
1563918
1565036
1568056
1570269
1570550
1573158
1573619
1576492
1577527
1582341
1582491
1586667
1587064
1587770
1588469
1589621
1589665
1590340
1593065
1594287
1596310
1600083
1601193
1607065
1610127
1612183
1616224
1618854
1620764
1627071
1628044
1629160
1629617
1631770
1632237
1634153
1639142
1640099
1641447
1642685
1649637
1649945
1650866
1654659
1656943
1659774
1662185
1666812
1679243
1680116
1682719
1687703
1691137
1693341
1693381
1694464
1694520
1697051
1697547
1698453
1703006
1703610
1704049
1704055
1706274
1711456
1713044
1713496
1718929
1720653
1720685
1722009
1722548
1723154
1724711
1726489
1727191
1729143
1729602
1731016
1731923
1733666
1739971
1744914
1748872
1749181
1757262
1761915
1762292
1763876
1765577
1767746
1767935
1768412
1768608
1769798
1771025
1772909
1774788
1776430
1778959
1784921
1785074
1785272
1787481
1789452
1789597
1790913
1791164
1793079
1794346
1796552
1798958
1799918
1803137
1804353
1806212
1807302
1807477
1809483
1810527
1812443
1813197
1815086
1815560
1817347
1818499
1820534
1821581
1822106
1825870
1826794
1831957
1832199
1832418
1833441
1837039
1838170
1843580
1845321
1847326
1847391
1847841
1851507
1854999
1855526
1859390
1862068
1863063
1864867
1865220
1867355
1869933
1871542
1878204
1879278
1879968
1881296
1881742
1883781
1884835
1885617
1890193
1890976
1894378
1895313
1895974
1896514
1896587
1897581
1897763
1903966
1908816
1911140
1912715
1915066
1916470
1918456
1920284
1922735
1925387
1925839
1927703
1931334
1932870
1937252
1938943
1940346
1941592
1944484
1946727
1951011
1951132
1955753
1958486
1958798
1959497
1960376
1961573
1961778
1965467
1967120
1968434
1973823
1974091
1979147
1979429
1982558
1986729
1990787
1991681
1992287
1993433
1994179
1994655
1996681
1997722
2001626
2006765
2008137
2008204
2014252
2016189
2022125
2022558
2023213
2023867
2023927
2025699
2026149
2027524
2028028
2028741
2030318
2035066
2035658
2037728
2037927
2038472
2038983
2042191
2042675
2049819
2053694
2054654
2056158
2056630
2068429
2069737
2074000
2075298
2079584
2081820
2085444
2085574
2087470
2089433
2092312
2094058
2099130
2099813
2101527
2105141
2105280
2108153
2114653
2114663
2116473
2119316
2120487
2121268
2123698
2124481
2128816
2129573
2130257
2137430
2141747
2144439
2146188
2149338
2150226
2153267
2154941
2156070
2157883
2158950
2160372
2160412
2162821
2163526
2163589
2164689
2167436
2168910
2170307
2178270
2178274
2178846
2180124
2181898
2187350
2188942
2193278
2193393
2194390
2194826
2195069
2195410
2196467
2199001
2199913
2201013
2201884
2205519
2211764
2214229
2214489
2216313
2216792
2217414
2218381
2220025
2220168
2223268
2223879
2224319
2227350
2227970
2228981
2230118
2232993
2234912
2239208
2243440
2244831
2248109
2248596
2249812
2251584
2251842
2253333
2253424
2255952
2257768
2257827
2265523
2269777
2272318
2276051
2283084
2284244
2284516
2284525
2285588
2285952
2293253
2293950
2294904
2296343
2300859
2303857
2304458
2305155
2309076
2310339
2311839
2315512
2316184
2316313
2319546
2320035
2324745
2327580
2329140
2330892
2331344
2331964
2332904
2334955
2336081
2340954
2343450
2343564
2344110
2346592
2346994
2352830
2352980
2353843
2357229
2360405
2360446
2360968
2362783
2366148
2369726
2369880
2371071
2372567
2379601
2380524
2380689
2384373
2384546
2385730
2386006
2388099
2390461
2395184
2397592
2398066
2398287
2402119
2403124
2403240
2404208
2408032
2410411
2410525
2415134
2416606
2417604
2418204
2419815
2422556
2422828
2427437
2430754
2436066
2437261
2439511
2445446
2445846
2446173
2446759
2446949
2450777
2453293
2455166
2455412
2455526
2456491
2460640
2462502
2464114
2465351
2465451
2466104
2466951
2473124
2475942
2478608
2480549
2481423
2486044
2486159
2487658
2487661
2489296
2492294
2492901
2494227
2494399
2495532
2505185
2505241
2505841
2506626
2507615
2512989
2515274
2516259
2517022
2518552
2519338
2520706
2525207
2532709
2533694
2535222
2535305
2537846
2546077
2548421
2551470
2551577
2553632
2555657
2556547
2556592
2559438
2559907
2564419
2564929
2569460
2571845
2573597
2575698
2579998
2581226
2581902
2583634
2584267
2593281
2597456
2597525
2598123
2598142
2598352
2599304
2600034
2601305
2604575
2605011
2605254
2609213
2609437
2609616
2610209
2610218
2614473
2614551
2617201
2620975
2621112
2623651
2626543
2627830
2630675
2632937
2634538
2638432
2639318
2644661
2646958
2647784
2648147
2655551
2656103
2657891
2662540
2662644
2664321
2666967
2667324
2677461
2678881
2679740
2680842
2691941
2692813
2693802
2695716
2695784
2701688
2703192
2706230
2707561
2707761
2710960
2711089
2711868
2715322
2715348
2717122
2718104
2721594
2722731
2724795
2727523
2731683
2732327
2739825
2740712
2745536
2747566
2751365
2752338
2756120
2759499
2760361
2763933
2764336
2765948
2767925
2768190
2769757
2771736
2772982
2776210
2776441
2776832
2779624
2784373
2784488
2785337
2788013
2789007
2792894
2795440
2799458
2799639
2800145
2800834
2800859
2801038
2801655
2805399
2808488
2809026
2809498
2809506
2811458
2817095
2818993
2820287
2823818
2829173
2829659
2830626
2836885
2837900
2842787
2844167
2846214
2847405
2848631
2849126
2849858
2850643
2850915
2853348
2855035
2855822
2859504
2866766
2866790
2867149
2870861
2874246
2875935
2881710
2885886
2891239
2896432
2896449
2897682
2898118
2899951
2904726
2906566
2907770
2909730
2909739
2911703
2915291
2921445
2925488
2929576
2933253
2941410
2946225
2947733
2947813
2949449
2952300
2955875
2961079
2965708
2966715
2966960
2969013
2970268
2970814
2971028
2971568
2972860
2975484
2979294
2981529
2989032
2991577
2993662
2995490
2996485
2998348
3002559
3002900
3008513
3011148
3013021
3013622
3016209
3017231
3018536
3018972
3019760
3020670
3022232
3022540
3024321
3025399
3027345
3027934
3030527
3034258
3037071
3037376
3048085
3051362
3053015
3057069
3061066
3062128
3062196
3062548
3065490
3066868
3068424
3071120
3075656
3076576
3077901
3078532
3078601
3084083
3087729
3088636
3089377
3089467
3090307
3092622
3094788
3095533
3095772
3095807
3096630
3098746
3100924
3103019
3103706
3104671
3109848
3110750
3113703
3113711
3117866
3122241
3123753
3124987
3126176
3129119
3129246
3130773
3136428
3137020
3140240
3141716
3142900
3142964
3143941
3147463
3150316
3155162
3155427
3158059
3162609
3164097
3169070
3171137
3173790
3178582
3179112
3181991
3185124
3187845
3188426
3189994
3191264
3195275
3195588
3196700
3197446
3197548
3201169
3201765
3202866
3203990
3205204
3205264
3210652
3210967
3211358
3212457
3212546
3214857
3216356
3217666
3218988
3225378
3225809
3226373
3226575
3230138
3234715
3236821
3237400
3238230
3238639
3245532
3249018
3251607
3252249
3252811
3253885
3256661
3257395
3257534
3257592
3259439
3259951
3261559
3263010
3265081
3265628
3267259
3270731
3272977
3273872
3275481
3276940
3277457
3278299
3280483
3284077
3286552
3288714
3293602
3293612
3293875
3297416
3297490
3298551
3299776
3302473
3304993
3305296
3305815
3307661
3310576
3311125
3311196
3311418
3312625
3314463
3320924
3323870
3325318
3325863
3326280
3331732
3332086
3333136
3333309
3336004
3338851
3339414
3341967
3342938
3343749
3345436
3347602
3355883
3360317
3362859
3363011
3363350
3364312
3364446
3365021
3365953
3369240
3370945
3373214
3373914
3375525
3377725
3379139
3379949
3382211
3382668
3385152
3385709
3386000
3386433
3389316
3390600
3392330
3393653
3395619
3397094
3397802
3400405
3401391
3407941
3408487
3410572
3415525
3415534
3416375
3419525
3423702
3425127
3425312
3430087
3430931
3431307
3431504
3434625
3434753
3439456
3443032
3443636
3444559
3448066
3452152
3452245
3452363
3457944
3458599
3463473
3464317
3464927
3466038
3466542
3468110
3469103
3471788
3475764
3476148
3479795
3479796
3480517
3482074
3483007
3484453
3486121
3486536
3488274
3490098
3490895
3493296
3498370
3498653
3499665
3500396
3502667
3506083
3507930
3508134
3515187
3517569
3518638
3519705
3523065
3523199
3524026
3524026
3526851
3527383
3527472
3531788
3532523
3536880
3536881
3537910
3539423
3540138
3545733
3547774
3549100
3550718
3551747
3553095
3559709
3562242
3564242
3568778
3569272
3573973
3576503
3577589
3581390
3583208
3587015
3587222
3589134
3589319
3590586
3591009
3592193
3595642
3597116
3597718
3597875
3598149
3598891
3599527
3600049
3602661
3603626
3613544
3615348
3620331
3625099
3625135
3628130
3630840
3631665
3632413
3633124
3633218
3635198
3642185
3642936
3643694
3643748
3644756
3647172
3647257
3647654
3649475
3649756
3651080
3655243
3657105
3659424
3661467
3662087
3663043
3663399
3666591
3669346
3670394
3670472
3670562
3673341
3674884
3676791
3682863
3688042
3688492
3688545
3692586
3693039
3693103
3693149
3694258
3694610
3696298
3697005
3700709
3701716
3707511
3707758
3707915
3708048
3713000
3713011
3718310
3719361
3722761
3727874
3729306
3729726
3731050
3731095
3731766
3736902
3738815
3742245
3742997
3744880
3748738
3749437
3753333
3756462
3759126
3763229
3768352
3773578
3776703
3779612
3780128
3780381
3782093
3783090
3785160
3788168
3791670
3792467
3796499
3797205
3802860
3804954
3805267
3806404
3806801
3809842
3815125
3816723
3821684
3821746
3822507
3825813
3826908
3831640
3833116
3833444
3834771
3836848
3837354
3838050
3841294
3843715
3849712
3850237
3854693
3855340
3863172
3863615
3866064
3866669
3869600
3870357
3878520
3881862
3882000
3885599
3886108
3887763
3888533
3889087
3891538
3894580
3895128
3897777
3898817
3900969
3902151
3902698
3906198
3907172
3907883
3913150
3913188
3913314
3913451
3913995
3916090
3916815
3916868
3917499
3921104
3921492
3921949
3925672
3932300
3933934
3935862
3941302
3942137
3942627
3942946
3944900
3946126
3949264
3949355
3949948
3952236
3956914
3957942
3959554
3959597
3961357
3964612
3968134
3968910
3974993
3977757
3979450
3980215
3981343
3986947
3987679
3987943
3989854
3991138
3992385
3993306
3994564
3998104
4000728
4000871
4002225
4005791
4005804
4006230
4010041
4012114
4013320
4013408
4014626
4017289
4017459
4018244
4022974
4024352
4025323
4025731
4034074
4034790
4036170
4036504
4036796
4039191
4041983
4042112
4043773
4046458
4047247
4054015
4055106
4055954
4057520
4057759
4064136
4064543
4071051
4074527
4077282
4086368
4086820
4086833
4087311
4088793
4089250
4096327
4102244
4105909
4107368
4107739
4108612
4108954
4110842
4114694
4123501
4131673
4134760
4136775
4137447
4139040
4140518
4141361
4144565
4147775
4149265
4149497
4150793
4152249
4153355
4155612
4155998
4160518
4161152
4164484
4165709
4168226
4168363
4175033
4175529
4176946
4177060
4177996
4178143
4184213
4186777
4189789
4191134
4191467
4193288
4198450
4199082
4201194
4202134
4204042
4204918
4205719
4211665
4214577
4217328
4218541
4220154
4223706
4227751
4227851
4233194
4234478
4236364
4236522
4237463
4240189
4241517
4242325
4244924
4245756
4246875
4248521
4251519
4252777
4253157
4257620
4260310
4261046
4265153
4266724
4267565
4269647
4271536
4271855
4273708
4276475
4276605
4277572
4278008
4280145
4280390
4282146
4283155
4290048
4290175
4295679
4296432
4297956
4299973
4300225
4302442
4306338
4307665
4309143
4312785
4312885
4315223
4316235
4317763
4317929
4324176
4325792
4328885
4329954
4331436
4332095
4333871
4333982
4334803
4337969
4340153
4341190
4343541
4347154
4347568
4348184
4350251
4355016
4358083
4360418
4364314
4366027
4367959
4368098
4370341
4371647
4372775
4376739
4379736
4383895
4385590
4388594
4389281
4391409
4392796
4393347
4398221
4402023
4402029
4408846
4412497
4412868
4413064
4413440
4414605
4415873
4416583
4417468
4417838
4418362
4418430
4418533
4419746
4421099
4424252
4428214
4428309
4429913
4431018
4437426
4437778
4440163
4445729
4449282
4451474
4451500
4454136
4458054
4458373
4458861
4459563
4461058
4465559
4466238
4466643
4467227
4468366
4473721
4473811
4474040
4478181
4479275
4480144
4483141
4487866
4487935
4491217
4491624
4491868
4491995
4492731
4493161
4493176
4500597
4506802
4508032
4510664
4514310
4514441
4515427
4516161
4516900
4517604
4518002
4519036
4519062
4520959
4522073
4528733
4529082
4529413
4530958
4534240
4535858
4538368
4550157
4551269
4551297
4552061
4554434
4555528
4555545
4556628
4559124
4559397
4571406
4571484
4571724
4571743
4575399
4579114
4585082
4585092
4585839
4586283
4587770
4590597
4592012
4594679
4596254
4599408
4600285
4600587
4600855
4603888
4606696
4607201
4607355
4610389
4611759
4617396
4617670
4619841
4622132
4622355
4626306
4629808
4632091
4636688
4640445
4643661
4644140
4647632
4656593
4657597
4660062
4668767
4670463
4672877
4673346
4676115
4676861
4678276
4682204
4683969
4686469
4687162
4687524
4692677
4693463
4697826
4698201
4701681
4703356
4706728
4706803
4708036
4713948
4716627
4717138
4717290
4719793
4723104
4725878
4726627
4728372
4736586
4737345
4741044
4741207
4742349
4743164
4743393
4745834
4746325
4746340
4747181
4747344
4750873
4752254
4752581
4760932
4764843
4767502
4768331
4769602
4769864
4772931
4773232
4780240
4780901
4782026
4783986
4784491
4788764
4792549
4796042
4800095
4800566
4801993
4803298
4804459
4806613
4811976
4815588
4816640
4823945
4824201
4824698
4825678
4825902
4826229
4828024
4829207
4829625
4830542
4832129
4836311
4836826
4837031
4838165
4840308
4843204
4848332
4850142
4854659
4855231
4860041
4861223
4864016
4866458
4866761
4867469
4868147
4872530
4874085
4876394
4881749
4889771
4891487
4894456
4896859
4898924
4899123
4900365
4901223
4901830
4901861
4906438
4907037
4908299
4909246
4912313
4912516
4912839
4917056
4921381
4921747
4923364
4925414
4926110
4927435
4928224
4928760
4931144
4931326
4931356
4932103
4934285
4934619
4934875
4935994
4937919
4938688
4940088
4941325
4941783
4947685
4950946
4951415
4951726
4954449
4964477
4964905
4965597
4966994
4967361
4968452
4970505
4970645
4971184
4971567
4971615
4972551
4975327
4975507
4977599
4977714
4978629
4979205
4981425
4983897
4988708
4992766
4994045
5002348
5008047
5008473
5010578
5012105
5012730
5014277
5014530
5015006
5016232
5016967
5017285
5018109
5019443
5019826
5021730
5024126
5026876
5027174
5029278
5034254
5035310
5038558
5039308
5039817
5041475
5043279
5045270
5046364
5046651
5047678
5050256
5051476
5052972
5054081
5056332
5058738
5058887
5060478
5065801
5065925
5068164
5068400
5068724
5069203
5069924
5072573
5072937
5073263
5075296
5075800
5076435
5078084
5081852
5088666
5088945
5092522
5095063
5097216
5099875
5101627
5102462
5102599
5103098
5107380
5109461
5112344
5114077
5115074
5118897
5120965
5121467
5126439
5127258
5128067
5131232
5133956
5137910
5138270
5138720
5142606
5144200
5146941
5147258
5149298
5150947
5153102
5156350
5157401
5157656
5166971
5167076
5168615
5169621
5172750
5173356
5179099
5180545
5186027
5189212
5191774
5192872
5194474
5195094
5195185
5198672
5204239
5204992
5205917
5207350
5208104
5208294
5209509
5216761
5217531
5218476
5219553
5222132
5223574
5228684
5230022
5232750
5237096
5238606
5238788
5244236
5247603
5248455
5249370
5250812
5251728
5252414
5254529
5255072
5257930
5263932
5266226
5267399
5268311
5271815
5275549
5275837
5279237
5280145
5281840
5290176
5294940
5297635
5303577
5305310
5305792
5306457
5307059
5308361
5309257
5314179
5315329
5316055
5317743
5318284
5321375
5323195
5323647
5326857
5333118
5333519
5334058
5335104
5335528
5336894
5342642
5343919
5345324
5346108
5347107
5349356
5351248
5352890
5352927
5354037
5356708
5357470
5359686
5364891
5364967
5366330
5367240
5367563
5374710
5376914
5380636
5381822
5384919
5391073
5391235
5391837
5393825
5394600
5395043
5395168
5395355
5404034
5405527
5407604
5407906
5409245
5418925
5422295
5425953
5426248
5426737
5428712
5430395
5430705
5431228
5431315
5431443
5431801
5435560
5438927
5441642
5442210
5448647
5449392
5449799
5451533
5453954
5453999
5456709
5458383
5459771
5460673
5463553
5465899
5465940
5467060
5467170
5467424
5468236
5474891
5475946
5477799
5478421
5482079
5482156
5482649
5483852
5484310
5487374
5488261
5492083
5493882
5497976
5498191
5498946
5498997
5502244
5505405
5514814
5516294
5517058
5519028
5521788
5523177
5523980
5524321
5524818
5526634
5527730
5532835
5534249
5535600
5538862
5539569
5543538
5543851
5546529
5549675
5554939
5564013
5567434
5568581
5571957
5572743
5574301
5579131
5580598
5582613
5583277
5586776
5590144
5594632
5595081
5596531
5598198
5598425
5599404
5602485
5607322
5607541
5610418
5612328
5615377
5617933
5618337
5619065
5620224
5620280
5621486
5623748
5624317
5626554
5628035
5628354
5628896
5629761
5631767
5631978
5632172
5633416
5637091
5637561
5642483
5642627
5643788
5644812
5650555
5650997
5653940
5654565
5655654
5656169
5656327
5659402
5659866
5660771
5663039
5667841
5668586
5671882
5673865
5676477
5677174
5678675
5679162
5682661
5686498
5689575
5690228
5690682
5696399
5697710
5699289
5700432
5704670
5709717
5709803
5710672
5712446
5713731
5715688
5718677
5718801
5719776
5720701
5721274
5722910
5723738
5724345
5727293
5727707
5728593
5732730
5734952
5735262
5737935
5738887
5739036
5740489
5742396
5743199
5743782
5747854
5750104
5750291
5750567
5752618
5753522
5758675
5758898
5760523
5765026
5766197
5769314
5769661
5771553
5775092
5775381
5776877
5786488
5789394
5790457
5791254
5791384
5793252
5793393
5795019
5795593
5795794
5796002
5796852
5796997
5797433
5798230
5800899
5801231
5803210
5803458
5803556
5805191
5805477
5806027
5808795
5810700
5812034
5812207
5814190
5817781
5819316
5820839
5821343
5822562
5825171
5825493
5832288
5835088
5840063
5840408
5842466
5844639
5844751
5845378
5846149
5846847
5847097
5847904
5848077
5849141
5849150
5849712
5851080
5851440
5851883
5852432
5852691
5852960
5854880
5857989
5858461
5859483
5864615
5870145
5871247
5878419
5879002
5879013
5883936
5887652
5888094
5888782
5890425
5892689
5892755
5894517
5895903
5896290
5903545
5904943
5905627
5905685
5906839
5908740
5910696
5912077
5915398
5917052
5917999
5926283
5927097
5930130
5931573
5933479
5935951
5937428
5938793
5940887
5942276
5942413
5943046
5951150
5955049
5956316
5957027
5957519
5957714
5962086
5964072
5964253
5964523
5965407
5966728
5969168
5969704
5972260
5974903
5978935
5982040
5983245
5983272
5984895
5985072
5985137
5986516
5987262
5993297
5999120
6000899
6001316
6004056
6006537
6010001
6013317
6013752
6020019
6021490
6021699
6022382
6022691
6023128
6024880
6031308
6032857
6035027
6045095
6050427
6053479
6054178
6055641
6056335
6066326
6072233
6076284
6078489
6078672
6078992
6080973
6081989
6083367
6089430
6092142
6093701
6093955
6097402
6102565
6103871
6104507
6107619
6107754
6109197
6110159
6110631
6110686
6113959
6114037
6116487
6116605
6118959
6120210
6123286
6126876
6127606
6127798
6130106
6138372
6139277
6139790
6140267
6141541
6143401
6144840
6148409
6152463
6157546
6158250
6160032
6161430
6161968
6165984
6167588
6168250
6172184
6176021
6178367
6181069
6183048
6186270
6186685
6187646
6187751
6189034
6190398
6195887
6196031
6197281
6198354
6201332
6201473
6201907
6204247
6204820
6206224
6211069
6211553
6212227
6212464
6213613
6215341
6219398
6222063
6222808
6225760
6232909
6232998
6233874
6236089
6237122
6240940
6241908
6245259
6256275
6257969
6260433
6261938
6262306
6264545
6267872
6270319
6272180
6274462
6278778
6283789
6285029
6285534
6285681
6286362
6292048
6294671
6296302
6301018
6306576
6309782
6313213
6313639
6314528
6315973
6316363
6316464
6318854
6319918
6321150
6321826
6322079
6322997
6324998
6327308
6327362
6329247
6329430
6329797
6330592
6331911
6335792
6341307
6343208
6343270
6354613
6357033
6357965
6358554
6362747
6363557
6363842
6364509
6367818
6372487
6375169
6376645
6377211
6380001
6382588
6383177
6384540
6386231
6387496
6393222
6394699
6399916
6402772
6406487
6413391
6413555
6414307
6416472
6420188
6421367
6421800
6425049
6428805
6429064
6431238
6433474
6442389
6447773
6449261
6450344
6451274
6451860
6455017
6458297
6458699
6460945
6463733
6468722
6470218
6473632
6474592
6474644
6475763
6477824
6478672
6478968
6480074
6483042
6488192
6488935
6492094
6493944
6494885
6495091
6495611
6495766
6500408
6504557
6504848
6508400
6509707
6511227
6511534
6511997
6513843
6514972
6514987
6515678
6518599
6524369
6528812
6530376
6532041
6533552
6534347
6535145
6535604
6535622
6537589
6538170
6538585
6540433
6541461
6551788
6552104
6553640
6557094
6559766
6559863
6560596
6565128
6566237
6566242
6567953
6569910
6571238
6572205
6573546
6577205
6578892
6579649
6580038
6580777
6581548
6584394
6586148
6588790
6589117
6590854
6593924
6594045
6594814
6594851
6595290
6598980
6599365
6599499
6603076
6604925
6610599
6612094
6615385
6615590
6615938
6617997
6619012
6621639
6622528
6625521
6627345
6627448
6627836
6628991
6632615
6636337
6637001
6637896
6642775
6643061
6643352
6644129
6648204
6653132
6655372
6657409
6658212
6662736
6663593
6665656
6669313
6670541
6674471
6680165
6680826
6686102
6691734
6693853
6694854
6697238
6699581
6700720
6701860
6706801
6707185
6708318
6708794
6709399
6711177
6711863
6712275
6715650
6716325
6716785
6716851
6718390
6718407
6719109
6719204
6720458
6720926
6721568
6723869
6724058
6725371
6725485
6726394
6727128
6729035
6729194
6735006
6738667
6739723
6741764
6743769
6748778
6748977
6750964
6753948
6757091
6762963
6768051
6769160
6771542
6772392
6774791
6781518
6789398
6791362
6796234
6796870
6796886
6797112
6797133
6797346
6801252
6802437
6804860
6805309
6805630
6808741
6811436
6813364
6816908
6817589
6819453
6820523
6821749
6825871
6829209
6829355
6829546
6831331
6831968
6837090
6842950
6843944
6844575
6844576
6847077
6848544
6849597
6849925
6852307
6854877
6858355
6861730
6865834
6867213
6869599
6873946
6874908
6879779
6886325
6887689
6888436
6890572
6890572
6894015
6896728
6898324
6900236
6900788
6901742
6905378
6907027
6914554
6917445
6920473
6921363
6922350
6922397
6925766
6926264
6926565
6927913
6928736
6929427
6931899
6935915
6939983
6940040
6942392
6943018
6943973
6950077
6950989
6952875
6954788
6959083
6959202
6959884
6965031
6967963
6968592
6972244
6973188
6974328
6977515
6982125
6982291
6983518
6986441
6992333
6992970
6993511
6995479
6996024
6996165
6996644
6997708
6998166
6998348
7005167
7005174
7006016
7006767
7010742
7012065
7012455
7013646
7014361
7017374
7017711
7019196
7020128
7022364
7023056
7027076
7032789
7035399
7036653
7039699
7041787
7046075
7046135
7046558
7046610
7047870
7048251
7053947
7055860
7056115
7056343
7057366
7060621
7064158
7064473
7068078
7070669
7073551
7078688
7081894
7086172
7087256
7087605
7087781
7089976
7091728
7095272
7095903
7096417
7098428
7098604
7098890
7099349
7099845
7100171
7101801
7102115
7104809
7105642
7108809
7110601
7113498
7117991
7118931
7120298
7121900
7122982
7123259
7123698
7124481
7125554
7128324
7131431
7138809
7140707
7140747
7141746
7142266
7142533
7142927
7144207
7147390
7149566
7149933
7151742
7152487
7153452
7155133
7158536
7160581
7161723
7161850
7161940
7167070
7167156
7167572
7168152
7168154
7168532
7174761
7175519
7177681
7179027
7179516
7180276
7180455
7183847
7186747
7189967
7190324
7194370
7200521
7201619
7201750
7202954
7204509
7205434
7205799
7210231
7212570
7214910
7214989
7217172
7217427
7220327
7220726
7220911
7223200
7228748
7228845
7230658
7231000
7239300
7239931
7240337
7246273
7246642
7251220
7260090
7260571
7262135
7262779
7263321
7264511
7266284
7271532
7271595
7274805
7277756
7281443
7282968
7284483
7287292
7290116
7292856
7293901
7297520
7301338
7301532
7302735
7305495
7309884
7310631
7314393
7315593
7317103
7327446
7329686
7330133
7333098
7338645
7341552
7342104
7343428
7343774
7348666
7353627
7353740
7354178
7355367
7356576
7361169
7363957
7364671
7366869
7367417
7369197
7374473
7378678
7379698
7380032
7383688
7384882
7384995
7385560
7386670
7387566
7394805
7396055
7396183
7396595
7399944
7400350
7404807
7407076
7407934
7408029
7411847
7414016
7415032
7419418
7420877
7421858
7423701
7425612
7426730
7427375
7429716
7429935
7430452
7434266
7438047
7440299
7442143
7447159
7449563
7451367
7453235
7453721
7454750
7455300
7456176
7458830
7462474
7465643
7466345
7467008
7467808
7471735
7471873
7472044
7473804
7481220
7482292
7484255
7487900
7494006
7494579
7496707
7497691
7499207
7500417
7501299
7502251
7505078
7505658
7509047
7513724
7514791
7518622
7518751
7520355
7525165
7530281
7531260
7533552
7535224
7538545
7539138
7542270
7544342
7546607
7548472
7554885
7555918
7556358
7558509
7559486
7560620
7561008
7561953
7562781
7565068
7567253
7568432
7572327
7574740
7575153
7575301
7576951
7578266
7582716
7584585
7585331
7586185
7588453
7588635
7590230
7590688
7592624
7594131
7595536
7595871
7596076
7596818
7598584
7601251
7603358
7606073
7606264
7606379
7606613
7607245
7607851
7616298
7618855
7620026
7625268
7629398
7629627
7629678
7633586
7637740
7638383
7639388
7642381
7642469
7642719
7649786
7651295
7652701
7653048
7655206
7655349
7662557
7663394
7665493
7665538
7668216
7668252
7669248
7670221
7670707
7671858
7674997
7677937
7678425
7681999
7688694
7689012
7692094
7692952
7693109
7693240
7693765
7694025
7698408
7703619
7704651
7705941
7709132
7711888
7712107
7713538
7714569
7714822
7715542
7719293
7727192
7728223
7728813
7730671
7734566
7735724
7735799
7736601
7738899
7742092
7743571
7747354
7748332
7749373
7754858
7763827
7768102
7768273
7768899
7769642
7770644
7771097
7771903
7776184
7780717
7782277
7783938
7785663
7788763
7790456
7793468
7794472
7795233
7797376
7797413
7797934
7797937
7798511
7799263
7799656
7801098
7801997
7802024
7809498
7810250
7812179
7812206
7815147
7815606
7815768
7820897
7821580
7822146
7824817
7825359
7825982
7832215
7836943
7837946
7838779
7840140
7841056
7846733
7848889
7858782
7863809
7864054
7866369
7866790
7874852
7875586
7876991
7877316
7881061
7881547
7888196
7889268
7889470
7889651
7889680
7891272
7895489
7895730
7895962
7899912
7900208
7901798
7903064
7905915
7908273
7914428
7920159
7924703
7929196
7933275
7935790
7936244
7938884
7942668
7942767
7942977
7948195
7948737
7950574
7950952
7951445
7962011
7962875
7965229
7966819
7970814
7970880
7971725
7972106
7973345
7976151
7977693
7980034
7986813
7991102
7992826
7993081
7994833
7995134
7995616
8000198
8001575
8004449
8004967
8005199
8010198
8011859
8018225
8019194
8022474
8024977
8027404
8027554
8029478
8029795
8030606
8031749
8034367
8035480
8035795
8036437
8037697
8038251
8038368
8040221
8040541
8041307
8041518
8044158
8045272
8045800
8046213
8050586
8050631
8051456
8051457
8052505
8054857
8055195
8055981
8057320
8062526
8063966
8070144
8071223
8073353
8073483
8074489
8074807
8075528
8076193
8077275
8078151
8081492
8082288
8083856
8086116
8090509
8093295
8093684
8095125
8096087
8096756
8097001
8098943
8099288
8104204
8108651
8109330
8113321
8114057
8114469
8117341
8118292
8121317
8121783
8125467
8125495
8126165
8126609
8127317
8130286
8132586
8136085
8137733
8141685
8142609
8145148
8145171
8145861
8146227
8147085
8152881
8154313
8155803
8157117
8158769
8159852
8160347
8161231
8162284
8168271
8168680
8169846
8172498
8174188
8177678
8178852
8180210
8181035
8182454
8183800
8184176
8185054
8187202
8189400
8189437
8189965
8197367
8202352
8204973
8205224
8212704
8214386
8216092
8216416
8216850
8230801
8231708
8236418
8236492
8238627
8239437
8239862
8241766
8243924
8244161
8244372
8245260
8246850
8248518
8251251
8252097
8253694
8254379
8255848
8257475
8258262
8259073
8259622
8263498
8265685
8267834
8268873
8270132
8272515
8274243
8274278
8275679
8277776
8280861
8281863
8283217
8283697
8287384
8290298
8296298
8296357
8298459
8303605
8303697
8312624
8314372
8315107
8316163
8316232
8316843
8318218
8319714
8324020
8326042
8326098
8326359
8331492
8332406
8336280
8338858
8339928
8342563
8342957
8343637
8344413
8348956
8350705
8354339
8357303
8361074
8361904
8363808
8364659
8371687
8373326
8373679
8374721
8376072
8378272
8379425
8379509
8382558
8383210
8384051
8384272
8388357
8391475
8392222
8392643
8398105
8399406
8399609
8402908
8403076
8403865
8405261
8410079
8413772
8418255
8419513
8422579
8422910
8425455
8426658
8427536
8429518
8432048
8432483
8433898
8434198
8434925
8437440
8438801
8438839
8440604
8443775
8448737
8448782
8450033
8455086
8455756
8462354
8463496
8463572
8463688
8468206
8468301
8473634
8475254
8475692
8477942
8482255
8482279
8482912
8485116
8485470
8487956
8493149
8494547
8495535
8498598
8499232
8499698
8500302
8503642
8504201
8505839
8506236
8506583
8508437
8509274
8510195
8511020
8514886
8514920
8516674
8517226
8518434
8521034
8521174
8521514
8523886
8525935
8526824
8527505
8533009
8534113
8535508
8536387
8544299
8544992
8545220
8545354
8545731
8546729
8549468
8553739
8554811
8555015
8559381
8561288
8561344
8563331
8564666
8570134
8573682
8576127
8577450
8578520
8585552
8589948
8590807
8591155
8592048
8595326
8595439
8596058
8601449
8603739
8604679
8606231
8606687
8613372
8619046
8623350
8624658
8626062
8626247
8626379
8627158
8627860
8628491
8629428
8631094
8637867
8638880
8640544
8643637
8647470
8650394
8655466
8657778
8663276
8664846
8668026
8671494
8671600
8674238
8675793
8676783
8676928
8678000
8678519
8680274
8681604
8684612
8685762
8687197
8687763
8687873
8691434
8696497
8696817
8698305
8701727
8702248
8703883
8705607
8705983
8709984
8714383
8715408
8717648
8718420
8718614
8721789
8723933
8726228
8729625
8731285
8732475
8733515
8734629
8737681
8739645
8743076
8746047
8747493
8749174
8749896
8752549
8755438
8755470
8763250
8765409
8765951
8772657
8776674
8777664
8778093
8783616
8783746
8783960
8784094
8785863
8787498
8789225
8790292
8790649
8791902
8794031
8794914
8799364
8799670
8801241
8802963
8804574
8810142
8811987
8812151
8815954
8817155
8817616
8820682
8822360
8823882
8824275
8826136
8828655
8832597
8832724
8834180
8834416
8836465
8836770
8839729
8841573
8843191
8844712
8856449
8858300
8860707
8864186
8867351
8871419
8875273
8877506
8883226
8883650
8888846
8889408
8890305
8892340
8893348
8893707
8895183
8900670
8908784
8911834
8912506
8914892
8918255
8919848
8919866
8922050
8922129
8923953
8923972
8924396
8925514
8927934
8928466
8930756
8932060
8934419
8935248
8937114
8937935
8939843
8943453
8943835
8944456
8944593
8946006
8950542
8951420
8951791
8952923
8953907
8955536
8955750
8956217
8958093
8958282
8958851
8958884
8961704
8963314
8965265
8966290
8967080
8968534
8973792
8976509
8976570
8976775
8979968
8982834
8985189
8988696
8999852
9006328
9007809
9009946
9011603
9014899
9021884
9021997
9022827
9025555
9026869
9029492
9035132
9035940
9037630
9039804
9039968
9044053
9046577
9047897
9056459
9056665
9058522
9058835
9059265
9064013
9072132
9074829
9074854
9075191
9082281
9082663
9085521
9088391
9090049
9090861
9091899
9093425
9098421
9099120
9099292
9101243
9102167
9103003
9105100
9110570
9115939
9117024
9119962
9120626
9121320
9122763
9124818
9126745
9127549
9130164
9131335
9136190
9137078
9137428
9140036
9140321
9144373
9147853
9151393
9154326
9156702
9156804
9156805
9157482
9158434
9160324
9163911
9165017
9165865
9167263
9171770
9174919
9175854
9176451
9176977
9178313
9185663
9186860
9187064
9195311
9196371
9196373
9196814
9198763
9200900
9201887
9203579
9206030
9206816
9208833
9217917
9218508
9220597
9220903
9223130
9225785
9227260
9235180
9236796
9239211
9240293
9240298
9241455
9241741
9242714
9243984
9247898
9250870
9252587
9256340
9256835
9257957
9258626
9258853
9259352
9259899
9260321
9262575
9262690
9263109
9264089
9266727
9267514
9273243
9276556
9278451
9281721
9283122
9283335
9286641
9290262
9290648
9291115
9298451
9298505
9299156
9299956
9299963
9300925
9302681
9306233
9306686
9310430
9310925
9311519
9317739
9319457
9322077
9322885
9323081
9325519
9327182
9332059
9332166
9333695
9334441
9340123
9340935
9345662
9351555
9353241
9358244
9359131
9359378
9359446
9363380
9366498
9366707
9373711
9374841
9377270
9379413
9380475
9380715
9386591
9386714
9390171
9390653
9392530
9393266
9396798
9398761
9399425
9400634
9406572
9408398
9409652
9412999
9413012
9417386
9417734
9418605
9419612
9419880
9420554
9421314
9425195
9426200
9427738
9429143
9431396
9432171
9434110
9436353
9437531
9439235
9439444
9443863
9444048
9444156
9445717
9446384
9446962
9448440
9449228
9449680
9451075
9454039
9455654
9461091
9466624
9468268
9470712
9475611
9476633
9479122
9482812
9483205
9483443
9485328
9486770
9487821
9493222
9493548
9493585
9494610
9496941
9500761
9503026
9504348
9506161
9507490
9507905
9512124
9518964
9525118
9528255
9528949
9529609
9531927
9532446
9535678
9536152
9538044
9539389
9539985
9541192
9541909
9542908
9544856
9546608
9550671
9551803
9552458
9555017
9556975
9557092
9559729
9561659
9566845
9570011
9572124
9573188
9573390
9574025
9574423
9577774
9586854
9588239
9588649
9588795
9591076
9595000
9599228
9600788
9601799
9601882
9602946
9604041
9604182
9605619
9608460
9610093
9614083
9614672
9618229
9621206
9623485
9626093
9630336
9637657
9639370
9640494
9644082
9644717
9645285
9645959
9648719
9650457
9651612
9653824
9655048
9656846
9659438
9662003
9662460
9663924
9669011
9669908
9670294
9672551
9674345
9677217
9678067
9679158
9680587
9682459
9685257
9694097
9695186
9698995
9699630
9701151
9702784
9704132
9704603
9705138
9708259
9709342
9711906
9711909
9713546
9716742
9717430
9717680
9718301
9724251
9727060
9727383
9728148
9729736
9731746
9731849
9733645
9733979
9736192
9741115
9741935
9743049
9743512
9745806
9745920
9747124
9747644
9751348
9751524
9751957
9752389
9754627
9755980
9756359
9756629
9756723
9757269
9759864
9769567
9769955
9770709
9775833
9776199
9779031
9779592
9780534
9781446
9784795
9787022
9789517
9794173
9794311
9796673
9799487
9801283
9801638
9806203
9807133
9810474
9813967
9814603
9818868
9818978
9819017
9824506
9824854
9826698
9827964
9828802
9829606
9829837
9830233
9834378
9834448
9835667
9836885
9837285
9842515
9845242
9845764
9846454
9847214
9847588
9850745
9853424
9854135
9855479
9856663
9856749
9861982
9862276
9864715
9866702
9870382
9872042
9872537
9876401
9879457
9883956
9886232
9886667
9887893
9892581
9895214
9896110
9896908
9897050
9897538
9901466
9901618
9902105
9908754
9911088
9911677
9914078
9915045
9916706
9920327
9925503
9925798
9929807
9931015
9932007
9934810
9936288
9939546
9940838
9942119
9942514
9945727
9946445
9951220
9951457
9951756
9952173
9952244
9953449
9958161
9963608
9963801
9965289
9968535
9968666
9969636
9969983
9970116
9972764
9975536
9975570
9975735
9976853
9977817
9989719
9990795
9992848
9993635
9998822
