9075191
8168271
298870
660698
9853424
8363808
9542908
7430452
9897050
6495766
6056335
502816
3002559
8081492
801143
665799
1694520
7260571
6363842
3515187
1593065
3643748
7596076
7161850
3891538
9266727
9653824
5230022
504188
9122763
1368507
1864867
461249
8126165
7153452
2398066
9298451
7542270
7509047
5724345
2324745
9507490
6914554
6314528
166370
6429064
2220168
2257768
4881749
5012105
1871542
6998166
2008204
984616
3310576
5431443
572195
3137020
6769160
586697
8709984
4312885
6926264
774286
5127258
4191467
41567
4876394
928039
8403076
1367348
4152249
9751524
639496
1190442
2085574
6729194
1281547
6995479
7462474
7046558
7396055
348273
5492083
7251220
4370341
9856663
9476633
4815588
1722009
1825870
6161430
773110
6922350
7014361
8011859
2581226
6140267
1187270
5974903
6387496
7343774
1329728
6478672
3644756
7719293
7246642
1368707
9794173
1225001
8702248
9290648
6141541
9306686
3540138
1313929
3964612
1434181
3523065
756917
4334803
564934
60805
9206030
6577205
5205917
3379139
2829173
3625135
3178582
9504348
588927
94277
1020575
1074977
9702784
6066326
3869600
1847326
9531927
7123698
8487956
9682459
3590586
3019760
2535222
19889
1466423
3382211
5700432
4047247
1147045
2617201
430352
1640099
5822562
7282968
2123698
9901466
8438839
4340153
4417468
7743571
6615590
1720653
8113321
9196371
5120965
8231708
3837354
5247603
95011
9586854
3991138
3633218
5846847
882474
6470218
6186270
4041983
5186027
1912715
9446962
7924703
9131335
8357303
7971725
9663924
9380475
5252414
2419815
3942627
3968134
3408487
5191774
2706230
744384
3066868
1869933
4906438
3338851
4898924
3234715
9544856
452829
3952236
1560190
8626062
6797133
5793252
4940088
812750
5937428
5859483
3252811
2427437
4970505
9818868
7484255
3363350
141595
9532446
5740489
2979294
1417539
1304975
6126876
6178367
8799364
926988
5102462
7815606
4600285
1279831
703132
287103
8678000
9902105
7471873
5179099
6797112
9345662
2866790
3587222
312326
1607065
8005199
8108651
155675
2764336
7735724
925515
5582613
8506583
4764843
3806404
9158434
255420
8127317
9147853
7825359
5381822
9826698
5870145
690790
7124481
6212464
4657597
5156350
2965708
3749437
5068400
2346994
2305155
6566237
795932
6665656
2153267
2666967
9810474
3299776
8018225
6022691
6035027
3191264
4176946
2232993
6093701
6514987
6896728
1128668
8422579
1774788
8324020
7353740
1415290
9518964
6996644
2896432
3187845
5394600
3347602
2952300
7189967
9014899
2667324
8578520
3277457
1940346
3968910
7140747
7005167
7588453
8316843
5848077
9807133
9359131
3791670
2678881
6513843
4891487
118762
8142609
8259622
1837039
5326857
3293612
4022974
4951415
5150947
1276968
9669011
9256835
9479122
4415873
9952173
5065925
8832724
7020128
523939
5598425
8955536
4153355
2546077
9755980
4123501
834126
3457944
2475942
7546607
2056158
5727293
4317763
6382588
8296357
5275837
5204992
4692677
5352927
3688042
9373711
4555545
8326042
6789398
2691941
7471735
7748332
8109330
3900969
5895903
4741207
526406
6771542
2154941
915417
5935951
5965407
5596531
8503642
7713538
4492731
9835667
1547032
7404807
3094788
5549675
5351248
2874246
1182765
9140036
4747181
373248
3479796
3332086
1150227
1042880
629493
7363957
9854135
2284244
6375169
2724795
9556975
6580038
2805399
1529751
8955750
2162821
5467170
2360405
9310430
9608460
6189034
7639388
9195311
9538044
3008513
921234
3694610
7142266
2120487
4874085
6926565
4760932
1148722
4367959
7046610
3439456
1004713
9872537
5306457
8601449
5742396
6219398
1338369
1767935
278692
4966994
4599408
1565036
6593924
3188426
7407076
8822360
9829606
5138720
4184213
5840408
4136775
1612183
8034367
9708259
3669346
2711868
163756
1501083
5798230
4796042
5431315
8437440
4483141
5516294
1158108
5594632
7053947
708980
3866064
9969636
6301018
7427375
9259352
8041518
6321826
2129573
548342
8932060
7467008
8104204
4931326
6010001
183745
1206201
9302681
9392530
1838170
5598198
4932103
3030527
6055641
9837285
5969704
5482649
9535678
6161968
7081894
1077629
2030318
1812443
1768412
9120626
1272656
4214577
9539389
6709399
2352830
9992848
3386433
1539772
2163526
1231696
4034074
7694025
9864715
9421314
8253694
3276940
6213613
1765577
3756462
1455749
5776877
835536
3913995
6463733
1457670
3776703
8505839
159858
5047678
9470712
6901742
5654565
6335792
5810700
4737345
5969168
1666812
2593281
7039699
1845321
2211764
3392330
867001
4823945
5803210
8275679
5617933
114364
7908273
3804954
4864016
264740
8055981
312663
3343749
437120
300581
3075656
5251728
8576127
1487008
3226575
6492094
2692813
4329954
8379509
1358233
4054015
4683969
2284525
1610127
3620331
4725878
1911140
9243984
2384546
9968535
9090049
660522
3181991
8158769
8391475
2251584
1242723
4606696
6637001
7598584
6023128
2466951
4300225
5668586
8591155
7341552
8463572
358312
8985189
6900236
8174188
493991
7423701
6917445
1563918
5430395
5623748
2194826
1243684
5538862
6144840
1068679
959202
468585
1210532
2415134
2069737
417358
3095533
974991
5249370
8086116
7692952
780925
5335104
1587064
383744
6615938
3018972
6278778
6262306
1552827
258794
5484310
1794346
8596058
3236821
6264545
6594851
2961079
6627836
9047897
3363011
1098138
1453743
4954449
1507748
3831640
4458054
6176021
5271815
8046213
7262779
8010198
1650866
88071
2801038
6642775
1582341
9976853
5046651
9007809
9175854
4964905
9276556
4592012
809884
5474891
8674238
2614473
9178313
5805191
3822507
134454
4347154
6201473
4723104
6594814
9327182
380654
79315
6552104
2157883
6842950
1006963
8216092
4290048
2248596
3833444
1706274
5795019
6594045
4682204
6617997
7914428
7620026
9872042
8398105
1821581
6861730
4144565
6032857
5157401
1843580
6997708
9466624
4223706
7128324
3663043
5449392
5364967
6206224
7315593
1201686
9897538
8494547
6849925
2332904
3957942
1060464
301964
8561288
1641447
6967963
6819453
2584267
1122986
7204509
2220025
6727128
6329430
6324998
4773232
2465451
6236089
4046458
1394702
314303
9845242
1540338
3992385
7161723
8585552
8384051
6341307
9588795
9278451
3480517
6720458
9419880
770101
7539138
4440163
761117
6559766
5583277
4391409
8189437
5024126
4413440
8343637
7019196
4908299
6935915
9119962
9039968
1432991
4850142
4965597
5851080
7099845
6535622
2487661
2417604
7068078
3140240
9975735
3257395
626656
7230658
3305815
7642469
484050
2800145
5957027
8790292
1884835
4012114
5905685
652812
9655048
3205264
5290176
5431801
3196700
6973188
2253424
1649637
9264089
7301338
8155803
4428309
8514920
869378
2320035
4234478
5051476
2022558
3693039
3419525
5607541
1134014
7562781
7793468
1107624
701168
6535145
2108153
978888
329670
7155133
7420877
8944456
4312785
6196031
3894580
1245446
7055860
9220903
94889
886815
8326098
3993306
3325318
9074854
8877506
9127549
9614672
480109
1722548
3738815
9862276
319075
2486159
5045270
8521034
5642483
7496707
4324176
2495532
438042
145270
670748
8934419
146205
734926
5483852
4202134
4673346
8425455
2989032
7995616
2801655
3598149
2532709
7281443
7140707
4237463
8718614
2230118
1573619
6920473
1628044
9256340
6590854
7292856
7101801
6458297
9267514
7674997
8252097
3748738
2731683
6725371
9656846
741545
7655349
5058887
3179112
8339928
3393653
4925414
4941325
2054654
8733515
5743199
7060621
6720926
9953449
7763827
1380326
1405019
8778093
2094058
921912
3517569
8517226
1414408
2343564
2853348
3633124
9025555
4934619
6998348
173357
9240293
5263932
6076284
3941302
1791164
9626093
2081820
1058350
378686
8836465
6648204
1979147
9573390
522824
847654
232235
380875
6504848
1503687
6294671
6847077
4970645
637625
5803458
6139277
2224319
6240940
2715322
325764
4706803
4368098
9990795
7942977
1881296
9493222
479267
984336
2779624
8162284
8137733
9298505
346669
8399406
3257592
4273708
1538421
8943835
891584
1495909
2621112
3252249
2520706
3430931
703677
3326280
4269647
4626306
272826
7802024
9566845
3385152
9366498
732585
5671882
4468366
6657409
4036170
7692094
1029602
368387
9247898
7601251
8342563
3365953
6996165
6500408
6571238
7380032
1529749
4600855
3280483
5349356
1219412
7704651
1454554
1847391
6559863
7239300
8555015
5223574
5852960
711510
4977599
8595439
4752581
9932007
9614083
2727523
8789225
7616298
7502251
1251741
9861982
1127522
3373214
5650997
4178143
64978
3707511
6825871
7698408
7246273
8743076
3201169
6286362
8035795
8147085
3027934
4217328
2620975
97546
6796870
9137078
5806027
4515427
8536387
2623651
9747124
8613372
7064158
6886325
3843715
8590807
3913451
7098604
2028741
5487374
91890
4331436
5803556
7669248
6494885
3531788
1729143
7525165
8606687
1968434
1776430
2309076
6716785
1784921
6586148
8510195
6168250
7518751
705381
2114663
4055954
6612094
4836826
3027345
4431018
1451605
6643352
9939546
3854693
8655466
4829625
6102565
4257620
2548421
8055195
8696497
8413772
4951726
3602661
3265081
7407934
8280861
5908740
6567953
847221
7438047
1896587
5279237
300176
5333519
2422556
6394699
6393222
9914078
1431420
3479795
9494610
2776210
3238230
5043279
6888436
1789597
3670472
9951220
7138809
5673865
8051456
4168363
3729726
7889651
96423
1216523
3916090
7440299
4706728
5775092
703354
8268873
2180124
6992970
9555017
1364115
9639370
8521174
6232909
8434925
9709342
4343541
1117001
4575399
9201887
5637561
1713496
8559381
6376645
5618337
4610389
5957519
9429143
5173356
9386591
7728223
1549511
2410525
5237096
1206033
2478608
8952923
5207350
5656327
2776441
1225736
596086
6245259
5488261
5524321
2150226
5149298
3718310
8703883
5964523
3707915
3051362
9154326
8687763
4458861
9503026
5356708
1063654
9088391
1164702
4745834
8839729
7006767
7606379
1826794
9814603
7228845
3284077
5026876
5956316
756418
9136190
5460673
1798958
7976151
5041475
5468236
3071120
852323
3468110
9461091
2239208
725260
9208833
5678675
4676861
2395184
3722761
778235
1703006
7121900
7889268
6118959
4491624
8030606
2386006
3589319
8638880
3661467
5709717
4921381
1865220
8691434
2747566
5208104
4571724
7590688
7355367
711612
9417386
4034790
2285588
211330
5620280
1703610
2506626
8114469
7797934
1927703
7149933
7419418
3506083
2505841
3323870
8834416
2867149
3017231
969048
3768352
5590144
1452156
6829355
9409652
5142606
8546729
7595871
3547774
7977693
4000728
1106951
7086172
5039817
3011148
1360849
7668216
4836311
7677937
498678
2788013
5523980
4271536
5791384
6711177
6511534
8290298
1415297
9359378
5367563
3913150
2340954
1554492
6621639
3587015
5121467
7965229
7205434
2875935
5068724
7073551
4107739
8958851
136776
3797205
820751
63760
2379601
494935
1144992
5655654
3998104
5189212
2518552
8181035
8244372
1318607
5660771
118177
2898118
6852307
7131431
8236492
8180210
4064543
1659774
9552458
464532
1452802
7889680
3395619
462781
1960376
2609213
3425127
8680274
6565128
4134760
1994179
5890425
6447773
5910696
920362
8214386
9711909
9915045
7151742
9035940
8440604
5342642
3802860
2304458
7087256
9977817
8216416
9942119
5871247
778640
6072233
2137430
1268293
9599228
926799
2605254
7749373
5192872
2037728
2579998
9093425
9500761
1679243
7183847
3666591
4227751
6450344
941611
6211069
22105
8468301
4149497
4508032
516518
2023927
6110159
4086820
1091160
3375525
1982558
4392796
3483007
2809026
5786488
8062526
9856749
4622132
6848544
4983897
8315107
465013
4519036
7877316
4571743
9942514
8939843
3663399
6619012
8637867
2859504
3527472
7274805
3731050
5849141
2310339
1922735
7629398
751775
7575301
4816640
8518434
6658212
1817347
55169
8187202
5610418
6691734
5892755
9121320
3809842
9605619
9601799
5957714
7895962
9557092
3949264
6272180
9936288
574004
3084083
2446759
7467808
2453293
516020
8455086
7117991
9751957
6959884
3476148
6139790
2227350
3870357
9273243
167256
9796673
3806801
2701688
7822146
6384540
4332095
2248109
7770644
7497691
4828024
3253885
3925672
1317091
5835088
6292048
8361074
5650555
7693109
177771
4491217
2369880
1050625
4204918
1301327
1600083
1069211
5858461
9731849
2416606
2981529
1582491
5735262
328556
5790457
8099288
5750291
1247575
8450033
3551747
6241908
835974
4676115
9970116
7625268
7262135
4529413
5800899
3916868
667835
5115074
489235
4534240
3692586
4782026
7797376
8746047
9601882
1400361
6222063
5315329
8473634
2516259
5354037
4516161
3245532
7518622
3597116
5526634
7735799
541757
7113498
7200521
4141361
3935862
3655243
7693765
1080509
6579649
4039191
7070669
5268311
1941592
9064013
7301532
2492294
7048251
2042675
5546529
7993081
9353241
6148409
9847214
2227970
8236418
7768273
8319714
9322077
5453954
4379736
9743512
932297
274265
6181069
126078
8001575
3288714
392879
9756723
1126783
103611
7665538
3022232
7361169
9151393
47018
6532041
3452245
8052505
2023867
6197281
5475946
8050586
7533552
8382558
4393347
7266284
4972551
5904943
6167588
5335528
8371687
5626554
2199913
4295679
6138372
4994045
5760523
8937935
9299956
9203579
6655372
2285952
4419746
7889470
1687703
3126176
2486044
3076576
8189400
1236232
4867469
1269571
3430087
8182454
4267565
2881710
2740712
7798511
5732730
735290
8316163
4487935
3589134
5791254
1731923
2038983
822319
3065490
3013021
5052972
771518
4514310
8752549
2820287
9541909
3189994
3630840
9644082
6694854
1267171
4780240
1895974
7715542
4931356
468059
7102115
2196467
4017459
28113
3256661
2253333
7962011
3205204
8564666
887416
2167436
8696817
8628491
6157546
9648719
2303857
9420554
63555
3136428
464713
353158
2517022
609799
8640544
1077571
9250870
3096630
1103656
4465559
5955049
6420188
6772392
8657778
5323195
4629808
9842515
6804860
3037376
9756359
2799639
2809506
1309105
187882
1932870
7374473
4493176
5002348
3486536
7046135
8963314
5359686
1832418
4579114
4466643
114900
4585092
1586667
5376914
8950542
4005791
9156702
6858355
8739645
2609616
4467227
5395043
39039
3305296
1527738
9806203
5498997
6383177
307196
336789
7655206
9044053
2329140
8676928
1266071
6584394
4248521
9610093
4057520
5502244
595363
4587770
2193278
4191134
5208294
44716
8255848
1427945
4086833
5750567
3642936
5951150
2569460
7578266
7465643
1979429
4454136
1697051
1958798
7239931
3464317
8976509
1525221
4242325
6811436
1070847
2255952
2909739
4110842
2366148
9757269
9546608
2800834
3237400
2014252
9879457
3201765
5847904
8097001
1483022
1550355
4071051
2296343
4556628
6693853
1704055
6474592
4750873
1211285
9286641
2130257
2551470
7651295
6817589
2037927
1618854
3062548
7950952
7379698
4137447
7788763
5346108
7317103
1720685
5993297
4096327
3150316
9332059
5564013
7586185
8777664
8606231
3600049
475776
5689575
9393266
6680165
6968592
7548472
5107380
4596254
7505078
1698453
4824201
235890
7205799
1895313
5983245
1199473
395398
6816908
5250812
8468206
3959554
3694258
6204247
6753948
575657
8563331
2597525
8553739
7142533
9186860
3625099
508977
3524026
8951420
7175519
1128013
2644661
4938688
6093955
402480
2272318
9541192
283685
3647654
2492901
1484795
8787498
2201013
7167070
8132586
5168615
769277
3526851
138025
9640494
6781518
9485328
2639318
6104507
8405261
4950946
6553640
7453721
8318218
8073353
4315223
6711863
8254379
4719793
4855231
8554811
5456709
722952
4848332
6195887
4418362
3410572
2556592
4261046
9090861
9775833
396512
1386668
9009946
4018244
2855822
6982125
3386000
9310925
394001
1642685
5343
8834180
7688694
5451533
5718677
2087470
1965467
5574301
8177678
4772931
533119
7481220
2311839
9577774
9711906
46324
8678519
3942137
5222132
3370945
6928736
8378272
7013646
8629428
4554434
5166971
8443775
4299973
5217531
7333098
3325863
8943453
4325792
3212546
8549468
6622528
3034258
9396798
477209
2330892
1445105
6982291
6083367
4317929
9242714
2915291
9074829
9432171
4306338
2809498
8303605
9443863
4088793
7023056
4713948
1627071
1820534
9059265
897099
551706
3643694
7665493
356769
844579
1447068
1589665
3155427
9099292
1028306
3089377
7012065
9281721
3464927
2891239
1925839
9946445
2294904
2695716
9386714
1639142
6092142
9011603
9993635
2408032
9029492
3882000
4854659
7302735
8498598
6922397
4801993
3974993
8499698
9925503
8687197
3779612
6625521
5238788
2870861
7653048
9759864
9975536
8403865
1216960
5797433
9021884
5978935
1197554
5097216
4767502
9332166
9124818
9672551
9257957
4459563
4632091
7671858
7948737
1815086
7565068
6735006
5852691
600694
4105909
8287384
3037071
782022
3539423
4204042
8146227
3320924
7056115
9824854
1733666
1879278
6116605
607738
8776674
6610599
7608
7903064
3657105
2205519
3731095
7590230
5677174
4302442
9241741
5465940
4055106
6107754
8676783
3423702
5305792
918041
3907172
9374841
4297956
2929576
2760361
8239862
2439511
6993511
6950989
1446578
2276051
9299963
7938884
7378678
8342957
4024352
8895183
1338138
1807477
9662003
3077901
3647172
6869599
6515678
2610209
8734629
1540280
8073483
148935
2038472
4644140
3632413
4519062
815624
7972106
6741764
6309782
5847097
3850237
1767746
5463553
6663593
5254529
2284516
5314179
6377211
6363557
1863063
7122982
30754
7212570
7338645
1616224
5643788
7840140
259999
2505241
7782277
319366
4025731
6699581
4366027
6844576
4912516
6802437
8643637
4780901
7123259
9406572
1601193
7714569
3048085
7487900
39731
4198450
6414307
8392643
4585082
1201499
6232998
2371071
9677217
950501
118181
4825902
7305495
2016189
8875273
2975484
7712107
4236522
8527505
5527730
9824506
5068164
1097525
9819017
342012
5482079
6670541
1596310
9240298
2456491
5521788
2316184
4164484
9850745
1576492
1445338
1425832
1867355
7920159
6580777
4086368
1654659
7022364
3415525
6726394
86614
9496941
6627448
5905627
4147775
1694464
7364671
9187064
7520355
7663394
4971567
3100924
6595290
8050631
9103003
4530958
4636688
3130773
7220726
5428712
7801997
661418
7454750
439696
7429935
1549651
5844751
6316363
1946727
1441362
8169846
8045800
7681999
3092622
255398
5985137
43092
5690682
5092522
762026
8157117
3129119
6644129
2187350
6604925
8344413
4830542
3816723
8817155
2049819
9449680
8523886
9801638
7986813
8924396
9425195
2042191
6187751
8475692
2598123
5849712
1048308
7240337
6078992
9493548
6925766
5418925
3502667
7795233
3117866
4487866
8946006
8038251
6458699
7271595
4672877
4017289
5267399
3834771
9085521
6719109
2028028
7499207
9896908
1991681
9645959
8244161
9695186
4168226
830202
3942946
3855340
7214989
2494399
4912313
7108809
5888782
565136
2693802
9679158
2925488
1327874
6021490
5699289
7561953
503674
485635
3342938
715217
4251519
5407906
6774791
2352980
9390171
5879013
3821684
3549100
7343428
4087311
9847588
8681604
5723738
9334441
6965031
9174919
632525
1731016
5543851
1546386
162785
8784094
3452152
2573597
4155612
6160032
5391235
6006537
1799918
2334955
1488006
9160324
4901223
8979968
9916706
5422295
7168154
1502360
7824817
6615385
1090628
3559709
8545354
6477824
2846214
997553
7201750
1993433
9056459
6524369
6929427
8772657
4941783
1796552
552431
5467424
1955753
4201194
8197367
3230138
487778
7815147
1749181
5008473
2599304
687263
3780381
6743769
9417734
1542735
2006765
9130164
3906198
8928466
455757
6603076
238740
6974328
9727383
3158059
8958282
3397802
6950077
5275549
5405527
2715348
4218541
3104671
8427536
4449282
3466542
2966960
3304993
4594679
6127606
3275481
1810527
3536880
3878520
2158950
7217172
457980
2575698
7513724
4517604
7799263
4866458
6013317
1340794
3949355
5228684
4981425
4473811
5039308
4271855
7089976
865069
6473632
9602946
9883956
6468722
675710
8316232
4968452
8076193
9039804
5825171
9311519
2800859
7180276
4792549
6701860
3095807
7568432
5940887
8500302
822103
9436353
757944
7606264
7848889
8205224
1763876
4478181
9220597
8485116
8493149
8265685
322823
9037630
2410411
5336894
3933934
3994564
5690228
6541461
2141747
7607245
9437531
5477799
1974091
5554939
3212457
4160518
9156805
8526824
1885617
6905378
9098421
5771553
6267872
1428715
5715688
1996681
2035066
8263498
8911834
3838050
5747854
9591076
546654
7559486
8988696
3763229
4769864
9455654
2767925
9101243
1878204
9399425
6358554
3214857
9998822
5280145
5632172
2293950
4992766
7603358
5321375
693773
6599499
1587770
9167263
4551269
2769757
981696
9621206
1937252
1959497
7426730
7629627
8303697
1859390
9846454
4931144
4414605
6566242
9449228
9390653
9701151
5758898
2784373
5027174
9698995
9412999
3053015
1429892
435543
6364509
9741115
3270731
1308476
8516674
5054081
2991577
8958884
8392222
4437426
993471
3788168
9834448
830673
7141746
4451474
1769798
8054857
1355467
152368
349000
1217567
5727707
5543538
8212704
5620224
4934875
3815125
6560596
9468268
5138270
9716742
9551803
9185663
5572743
2218381
4155998
6321150
9787022
6805309
6854877
5972260
6022382
2128816
8455756
5602485
9866702
4928224
5642627
575700
7929196
1358142
1697547
1277524
86542
5146941
4013408
7727192
3095772
2896449
119206
9176451
2398287
8923953
9299156
1276729
4236364
648785
5257930
4923364
295475
5448647
8267834
4550157
3297490
4376739
5195185
3598891
7087781
2610218
5753522
6650
8172498
5984895
1539071
3780128
8019194
8274278
9099120
425801
8204973
6428805
3225378
6890572
6686102
7678425
3573973
7098428
2829659
7179027
1366120
9217917
9670294
719262
280225
2480549
3090307
7147390
7980034
5709803
9951756
414516
639411
485553
7142927
112556
1003953
6413391
7384882
5519028
3257534
5962086
1549664
4832129
6718390
3866669
2223268
1377262
7864054
5619065
802766
8096756
769231
9908754
1244098
6535604
336356
7453235
5704670
9058522
689820
871804
294244
3389316
474045
7790456
5789394
2739825
9747644
6573546
6674471
7160581
9713546
7310631
3921492
5404034
7668252
4838165
4000871
6413555
257280
1713044
9283335
2360968
4907037
1854999
9645285
730656
9241455
607322
9776199
3550718
708720
8326359
4829207
2385730
5667841
8160347
4358083
8927934
8077275
9483443
1629617
1290508
8944593
3642185
8383210
3458599
5987262
5840063
8867351
5498191
3452363
9291115
8801241
8976775
1588469
7933275
8482279
8619046
8145171
5058738
3498370
9140321
6797346
3123753
6451860
1387186
2481423
1535761
9736192
9507905
480081
5072937
8336280
773837
83427
7992826
3416375
1264852
3471788
6186685
4743393
3401391
1739971
4278008
98354
1417605
9525118
5852432
797261
7734566
9678067
5739036
782762
3018536
5985072
2489296
4493161
5820839
7190324
6996024
977176
4451500
6103871
9359446
5018109
8379425
954835
8027404
8893348
3595642
4516900
7217427
5147258
1958486
315344
96978
7400350
2519338
3025399
5034254
1862068
6628991
738500
2001626
9829837
4741044
4290175
5317743
4788764
7594131
3499665
7595536
4074527
6475763
5209509
291892
7297520
2380524
9259899
1718929
462770
1497713
6959083
7201619
3217666
2460640
591778
8824275
2703192
5888094
5088945
1973823
2795440
2156070
5133956
4348184
3713000
4102244
9529609
277064
4089250
5637091
3238639
1299217
95976
6921363
3142900
8671494
6748977
23451
2799458
5019826
3259439
1306470
4571484
364354
9669908
3536881
8783960
7369197
4149265
5465899
2614551
8900670
2505185
1525842
4800095
1918456
1341807
861324
6578892
3195275
2850915
8982834
7629678
4825678
8259073
5659866
7105642
6296302
9317739
1920284
2075298
2679740
3088636
69119
8714383
1488970
7584585
4769602
4678276
176119
5318284
2160412
6127798
8623350
3022540
4337969
8794031
8570134
2121268
1224443
7329686
5887652
3444559
9604182
2168910
4276605
3676791
9745806
2105280
4010041
6431238
2487658
8051457
2228981
3390600
9934810
5812034
2436066
2811458
3311125
4333871
6572205
6183048
6402772
7876991
690503
2855035
9006328
1803137
3921104
6865834
8535508
4175033
8093295
4590597
6187646
9235180
3484453
7900208
4437778
7812179
7838779
2664321
668234
3744880
2830626
4108954
3898817
5232750
3087729
8525935
6357965
5758675
8810142
6890572
757481
9704603
7041787
1727191
1478407
1421569
4670463
7942668
8184176
7144207
7895730
8312624
9958161
7638383
7202954
699630
2327580
4535858
8373679
5498946
6495091
3907883
5514814
2657891
5046364
6581548
8956217
3773578
8715408
5395168
507869
2776832
5364891
1202723
3833116
6483042
2193393
1757262
6421800
3016209
3141716
9896110
4480144
3524026
5849150
4518002
4150793
6260433
8029795
2388099
6198354
1822106
7384995
3311196
395480
6849597
4189789
4383895
6680826
4896859
2465351
896885
9227260
2789007
6636337
5118897
2947733
8755438
3805267
719911
8506236
570318
8114057
5357470
2357229
6598980
9427738
1990787
6808741
528362
2430754
2695784
5743782
6327308
9196814
8685762
5391837
2053694
807242
6983518
2293253
7809498
5076435
1524940
550857
2244831
668850
1691137
6887689
730252
1570269
5395355
2455166
7309884
3881862
5628035
3708048
2027524
953966
3796499
7421858
2199001
7575153
6152463
2466104
9769567
5153102
2899951
3592193
7950574
9727060
894038
7948195
6821749
8426658
696738
5493882
6589117
4806613
112398
5930130
7736601
5103098
6078489
8958093
7035399
240618
8433898
2445446
3568778
4977714
3364312
1099727
7010742
9561659
94251
234345
8923972
9058835
781289
7091728
7768899
8098943
8937114
1003192
676230
7447159
5633416
8883226
3185124
134153
7118931
7220911
841567
7866369
9685257
7095903
1496664
7194370
5430705
9528949
6719204
454505
23415
2972860
6362747
9794311
937452
7260090
8332406
462392
6569910
7530281
4025323
3020670
8161231
9637657
6165984
5075296
8281863
9588239
4607201
9550671
9260321
3434625
7858782
6143401
258159
9144373
9876401
2998348
8737681
1729602
3628130
1252340
372523
7314393
8075528
5964253
4640445
881918
6509707
8373326
550819
2722731
3564242
9588649
3195588
7820897
9705138
47599
929919
6421367
8912506
5842466
4921747
7168532
1194183
6588790
5114077
219346
9536152
1793079
7383688
5334058
1724711
4840308
3902151
2772982
2648147
846837
1562129
201730
434851
7399944
3078532
6233874
8999852
6537589
9870382
8270132
2947813
2437261
9439235
9828802
2068429
2316313
2817095
7785663
6330592
3203990
6120210
1486738
850175
4421099
1345766
4716627
989638
5216761
998020
8723933
5686498
422605
5172750
8858300
8485470
728188
5986516
1512561
2763933
8687873
8168680
4656593
6718407
6843944
7271532
7098890
2353843
7554885
3265628
9408398
2023213
6116487
6442389
9444156
4726627
75390
9351555
6013752
6054178
8361904
5244236
3783090
5539569
1146449
2583634
2525207
7264511
580934
1343332
1340241
6329797
1304533
5021730
7642719
5035310
1463616
4768331
4006230
7149566
4246875
2362783
3434753
1951132
1589621
6700720
9570011
3980215
5728593
4131673
8410079
1376632
9972764
5458383
4402029
3443636
4385590
9117024
5571957
4260310
4746325
9834378
1772909
6211553
1925387
3078601
718680
1094757
8799670
4408846
3263010
5307059
5345324
8864186
1807302
5999120
1809483
1831957
3949948
4445729
3013622
8544992
1535918
6449261
2933253
9963608
6357033
5846149
619701
4199082
649719
2346592
9196373
9745920
2403240
4412497
589874
7223200
25745
8511020
5982040
8475254
5180545
1319746
868662
3103019
6031308
1108577
3651080
8402908
1634153
2553632
5167076
1126228
1246687
6201332
8298459
5323647
3278299
1961778
6721568
4872530
475055
4600587
3759126
916418
6110686
5599404
6460945
7394805
5409245
4586283
1806212
5438927
8463688
4538368
3364446
216171
5580598
9830233
3932300
5248455
2195069
2216792
2564929
8096087
7179516
8070144
8499232
6201907
6114037
5266226
3944900
8063966
1789452
1109509
8000198
579958
7560620
9952244
6992333
431904
4647632
6256275
2993662
7047870
747420
9728148
2662540
6708318
2836885
8082288
9743049
3448066
8029478
1473113
2677461
8258262
2035658
5663039
3736902
8040541
7100171
259037
1280767
143019
641382
3742245
3649475
7354178
6538170
2784488
2655551
5628354
2837900
3500396
600822
5938793
9223130
5517058
7348666
7451367
5407604
1790913
3365021
8031749
5523177
496833
34487
316339
8432048
9741935
8544299
1897581
6215341
8951791
3331732
4388594
4975507
2850643
6406487
7005174
6078672
5308361
170148
52396
5426737
4114694
610166
4529082
872290
6738667
9035132
6518599
8314372
6285534
2632937
5309257
6894015
3249018
4619841
144549
3707758
3333136
8922129
6796234
4240189
757969
9413012
3886108
168663
6212227
963285
6372487
9110570
343492
1372694
99243
1620764
3312625
2605011
1408482
9886667
5505405
9444048
1693381
706803
2025699
3583208
9929807
6318854
8022474
7494579
1726489
8230801
6261938
3297416
2745536
6386231
3373914
5812207
4668767
4701681
6724058
4360418
4660062
5775381
2662644
7408029
7970880
4912839
2533694
3688492
3581390
644006
3211358
257881
8202352
3889087
7228748
6089430
2214489
7174761
9483205
7567253
2146188
8717648
9236796
8141685
2848631
7046075
8627158
3713011
8246850
7500417
7936244
6706801
3162609
1144986
4783986
5917999
8044158
4617670
5612328
5016967
3785160
4333982
3913188
1082482
5019443
6004056
5095063
8856449
9157482
7284483
3597718
7494006
5218476
9156804
2214229
5942413
6538585
4520959
4559397
924804
6285681
8820682
5441642
6080973
2707761
6504557
7095272
7057366
9105100
1310748
8045272
7596818
1562432
4466238
3782093
7812206
4804459
8154313
3122241
6844575
1951011
9770709
4555528
962366
3902698
442238
1488324
4005804
8930756
8841573
9379413
3523199
58273
4687524
8731285
4964477
8892340
7832215
8374721
8514886
8908784
8037697
9751348
7846733
9239211
6000899
5931573
752237
5374710
4402023
1137953
8384272
1398717
7714822
8973792
6514972
4265153
4479275
2178274
2265523
5016232
3089467
8126609
263527
1931334
4522073
7538545
6874908
5734952
8817616
8919866
6972244
9779592
4607355
7935790
3913314
19360
6708794
1723154
7901798
4510664
736086
8631094
4528733
7703619
995141
2124481
2343450
5713731
2216313
699323
4413064
5653940
6109197
3498653
5819316
9911088
9487821
5915398
4717138
8462354
9056665
5017285
6557094
5482156
4165709
8604679
6791362
9779031
5060478
6495611
7556358
2756120
4276475
7754858
4280145
4458373
3597875
2559907
936193
2397592
5195094
1161176
3518638
8118292
4506802
1318303
3670394
1108701
2116473
4002225
531539
793395
7006016
9439444
5453999
5718801
2074000
9046577
3537910
2390461
5333118
2564419
653253
5720701
3142964
1656943
1377464
8354339
9218508
1360943
6313213
6927913
4979205
2319546
3267259
7895489
1498646
8438801
975354
2847405
4934285
5682661
7662557
1058252
5964072
6762963
5750104
4837031
2300859
8561344
2384373
4551297
9021997
8545731
7064473
2630675
507922
7797937
4975327
2849858
9940838
5316055
1890193
755530
7689012
3603626
5814190
4686469
6172184
7558509
4220154
3635198
8071223
690504
7456176
9650457
4901861
9595000
9756629
6380001
5906839
6540433
6053479
657163
8976570
1761915
7905915
6433474
5255072
636584
7387566
3700709
3463473
8125495
2906566
9618229
3792467
6907027
3369240
2360446
948772
1063634
8664846
4742349
4341190
8749174
6480074
8331492
1089554
7414016
7728813
912922
8041307
8595326
6943018
3400405
9262575
1233029
1778959
5927097
5697710
9380715
9431396
5535600
170943
519444
171724
9945727
7783938
7837946
5857989
7994833
6225760
7396183
5431228
4843204
7875586
1311129
6315973
227395
5281840
9574423
5343919
7841056
2907770
6474644
5659402
4868147
1182477
9506161
355654
2559438
5128067
7442143
6662736
1568056
1632237
3129246
4571406
3821746
8577450
6534347
547554
3251607
1556026
9733979
4687162
645124
3164097
2099813
5524818
7951445
4917056
1551564
645256
6123286
4036796
1590340
2627830
3696298
4860041
5303577
8763250
8277776
7482292
3298551
2866766
8783616
733446
3863172
3210967
4746340
6739723
2494227
1649945
8747493
9026869
2092312
6285029
3173790
1787481
5014277
1704049
9082663
3981343
2404208
7642381
3576503
6796886
539449
7531260
41897
501416
875107
8961704
3273872
7771097
2269777
5769314
8257475
6867213
5903545
9911677
9300925
8888846
778477
1211722
2422828
9901618
1897763
7096417
1944484
5305310
9454039
1908816
9845764
3599527
9680587
4296432
5078084
5656169
9290262
1986729
193997
6331911
3169070
4244924
5864615
3532523
8376072
976396
6757091
6322997
8027554
6306576
5883936
5102599
2403124
193816
3202866
1192485
5219553
3674884
4899123
3443032
5586776
4736586
1047376
8966290
9115939
9674345
8090509
7973345
691229
2601305
7576951
3916815
9717680
2969013
5719776
6533552
5347107
8890305
1525546
921366
339325
5621486
7277756
3147463
6024880
4743164
1196402
9486770
1093566
3885599
436616
5615377
7087605
6750964
745134
8432483
3197548
6898324
4416583
8701727
2885886
8783746
5631767
5426248
8729625
1967120
5384919
9434110
4474040
6669313
5845378
6329247
2149338
3977757
3103706
9965289
7458830
7899912
2941410
4372775
8477942
8603739
6879779
6805630
2164689
1961573
6829209
2966715
2223879
7287292
3336004
8448782
4473721
2823818
8035480
1555579
9989719
1851507
4417838
4057759
9358244
1762292
5012730
4424252
8040221
4107368
3466038
3109848
3647257
779845
973653
5297635
3956914
43808
223784
4282146
1903966
8826136
3261559
6768051
5137910
2418204
7210231
7186747
3333309
7396595
1855526
9325519
5942276
1548127
9975570
5607322
3482074
8883650
5014530
6715650
3591009
2455526
8765409
8057320
8495535
3719361
9319457
1444033
6313639
8038368
4491868
4429913
2600034
3753333
9651612
1163582
8589948
7649786
8919848
6940040
4552061
7825982
1090943
643625
2251842
4140518
7167572
2099130
804275
5366330
1815560
5073263
5029278
3508134
691137
9448440
60727
5204239
8272515
1418549
3098746
5766197
873107
5294940
2904726
7425612
6725485
2188942
1896514
8811987
7017374
5832288
9963801
8074489
2163589
5765026
1364583
8121783
5805477
4355016
6551788
7220327
639758
947308
6222808
9418605
9400634
9091899
3062196
203172
1102855
3385709
9377270
7501299
3841294
8785863
6952875
5796002
7738899
4826229
7415032
4978629
202615
1992287
8348956
5983272
5109461
6954788
1344545
4926110
8083856
1938943
9398761
3917499
4866761
5878419
5126439
9925798
9072132
3486121
8024977
7633586
9126745
1693341
7709132
3631665
6455017
2462502
4233194
3377725
8812151
5568581
382884
979248
6939983
1573158
7017711
8647470
2598352
239535
4309143
2445846
7747354
8136085
2119316
9163911
3986947
5459771
2634538
7962875
3659424
7027076
6723869
4252777
6801252
9781446
5851883
8509274
4283155
4717290
9528255
2646958
2721594
7966819
6113959
2515274
1556059
8419513
6977515
3293602
8860707
6478968
7327446
8832597
9176977
5579131
9886232
990660
9574025
8545220
9644717
995245
9827964
6270319
9718301
1785074
8844712
6130106
4177996
7158536
5721274
8508437
4364314
7881061
711280
1662185
9724251
9780534
2022125
9604041
7607851
5567434
8482255
9340935
9102167
7180455
9699630
7891272
5075800
1222120
9895214
4861223
8935248
5737935
5072573
8533009
2818993
6451274
8248518
4328885
3670562
5425953
4241517
9818978
7572327
352270
2114653
9446384
8121317
7514791
5854880
105697
8968534
9969983
937368
4077282
2512989
487028
7168152
2537846
2085444
953440
1054305
2955875
7263321
860051
9573188
8626379
2808488
2178270
8843191
3272977
1532015
7693240
5933479
2181898
1325917
8663276
1768608
8749896
5065801
253245
9769955
7561008
5367240
9789517
5892689
8965265
4800566
995290
6020019
2331964
9283122
5710672
2243440
2717122
4371647
1285641
2555657
6712275
779081
3488274
6637896
5943046
8671600
2581902
8573682
1275293
4036504
8755470
2751365
3849712
8718420
8418255
7472044
1832199
1183485
3493296
7588635
7473804
4967361
607923
3825813
1813197
6158250
6511227
3989854
5821343
5449799
3216356
7810250
40276
6107619
5056332
7970814
1577527
3615348
3826908
8889408
2785337
1215835
4617396
4928760
6045095
8243924
2170307
3613544
864867
8238627
411241
1533637
878350
3697005
5081852
1744914
171158
9662460
4824698
9784795
2160372
8592048
2752338
5825493
820147
945220
2711089
7742092
3662087
447440
5894517
8216850
7356576
4603888
4803298
6257969
349965
5679162
7780717
3569272
3987943
2897682
3124987
7582716
5038558
1682719
6931899
6343270
1025767
3311418
7799656
1915066
8790649
4042112
6729035
4193288
8463496
8791902
4108612
5099875
5532835
4428214
9951457
417426
2344110
2194390
4177060
6274462
8893707
8823882
1394948
4491995
1881742
1255425
5796852
9262690
5467060
5169621
786935
9137428
4013320
6367818
6716325
350668
2647784
3979450
9426200
3314463
7874852
610009
7794472
1558063
1570550
2680842
8036437
9559729
2946225
2707561
5238606
2844167
7505658
657437
7449563
2201884
1916470
3307661
33323
7535224
8245260
7466345
8726228
3293875
8004967
4971184
1086555
9165017
7711888
9600788
7769642
8364659
2768190
862596
8399609
8283697
1029410
9836885
2921445
9200900
3218988
6237122
6316464
2759499
9931015
7942767
1631770
3355883
8918255
4514441
8434198
9340123
3946126
1890976
5069203
408507
1883781
4500597
3553095
6599365
1594287
8871419
1847841
3345436
4937919
6873946
75977
6643061
2257827
9165865
1172474
2079584
386215
832423
4316235
2008137
1149880
5966728
3362859
62200
3339414
7730671
246761
3197446
1166590
8429518
4418533
877213
5793393
7991102
6399916
6528812
6283789
6322079
7606613
4347568
4389281
2971028
7821580
3057069
7866790
4988708
1098056
9752389
3341967
6354613
8953907
3113703
7574740
3061066
9258626
5917052
1137738
3490895
3259951
3863615
8624658
8650394
2178846
6508400
2455412
9198763
849668
4266724
2765948
4643661
5795794
4064136
3225809
9968666
7618855
8178852
8145148
305789
2195410
8350705
6632615
494371
9855479
4811976
9475611
1304830
3302473
2732327
8732475
482864
5391073
2792894
3062128
3742997
5722910
5738887
792182
1313179
601657
8668026
4139040
6831331
6986441
8698305
558819
4889771
9887893
7606073
5442210
1079774
7771903
831949
1295485
4909246
7231000
8130286
8794914
7366869
7032789
1150582
5896290
8117341
5534249
2283084
9252587
3002900
1002008
9482812
4245756
1879968
7386670
6831968
9704132
3527383
4211665
9801283
3507930
1157174
4253157
4585839
1416937
5696399
7290116
7652701
2710960
4559124
1497409
8152881
6511997
7592624
6943973
3425312
4280390
9451075
2771736
6021699
1297082
4703356
9445717
7555918
3887763
405081
3360317
3562242
3693103
939935
1127816
7768102
697581
7429716
4622355
7637740
3113711
2446949
9733645
199890
827224
7881547
9572124
4693463
1505491
2849126
2970814
6653132
4935994
3961357
2551577
253057
755646
8189965
8504201
8804574
1711456
6697238
698076
1011855
2336081
3727874
3959597
1771025
3431307
3729306
7455300
9082281
2970268
9306233
311601
1833441
9717430
2571845
5194474
3415534
5131232
4752254
6050427
1038637
7434266
6707185
8626247
9731746
8388357
874759
7012455
2507615
8925514
5817781
5926283
6416472
1748872
8721789
7863809
7099349
3921949
7801098
1262155
7776184
5393825
3888533
3682863
5629761
3649756
718136
535626
8183800
2995490
5088666
3673341
6959202
646811
9659438
3577589
5628896
5101627
4227851
3382668
2556547
6716851
4947685
156766
7152487
3379949
3895128
84568
995640
4708036
8095125
9493585
7330133
3490098
8274243
5644812
3545733
3024321
2996485
6081989
7670221
339133
8828655
9512124
3836848
2144439
8967080
5769661
2089433
5144200
2234912
1997722
9694097
4418430
8705607
1059333
446139
3731766
6530376
2249812
9754627
633567
9539985
3475764
4900365
5595081
6343208
3469103
2372567
4014626
31855
2604575
2105141
8145861
5712446
2217414
7888196
5435560
6319918
5008047
4412868
8125467
7995134
5851440
2473124
6097402
9799487
2911703
4784491
7214910
5198672
9813967
6493944
746673
6327362
7036653
799147
5352890
4611759
8241766
5801231
5497976
3397094
8074807
5112344
9630336
9892581
1548236
8705983
6488192
3171137
5010578
7411847
1522328
7836943
1629160
2638432
3688545
1002639
8802963
5795593
3431504
8684612
5157656
8815954
217888
6110631
1358467
1818499
8675793
1418267
2535305
823801
8078151
9206816
8914892
4728372
9920327
739096
2842787
6204820
8251251
4205719
8296298
4043773
188093
2402119
4971615
2909730
4698201
4398221
7110601
4350251
5808795
2446173
2369726
6813364
8239437
9258853
4894456
3519705
8534113
9729736
30190
5069924
635831
4186777
9333695
2315512
8922050
6900788
2718104
2949449
8159852
2598142
7544342
9225785
388314
1113883
8627860
7815768
1139015
8448737
7120298
4277572
4307665
8185054
5015006
5631978
6837090
2101527
6488935
661474
5844639
9323081
7670707
8521514
4175529
3226373
3407941
6001316
3068424
2656103
3987679
7797413
1680116
4161152
6190398
3210652
4901830
3143941
6425049
7125554
630993
7078688
2380689
85375
2609437
5752618
762258
2450777
9171770
3701716
5478421
6820523
411852
2056630
7104809
8836770
4927435
9022827
5050256
7161940
7705941
2626543
4747344
8482912
4461058
9322885
2597456
146512
1994655
1804353
730148
3693149
5676477
9363380
30481
8765951
6942392
7585331
5912077
8422910
2464114
957163
6829546
9366707
7177681
7167156
7385560
9623485
7056343
7353627
8283217
5879002
8093684
9263109
9419612
8004449
2331344
3897777
5624317
3286552
3155162
615745
456122
7367417
2971568
1785272
1144045
1048471
2026149
8338858
1894378
7342104
3110750
6627345
4697826
6748778
5796997
5380636
1305230
7293901
